a <- 33
a * 3